1847658624
1849110357
1848989805
1847216765
1848555379
1846236281
1848518074
1847583103
1846233359
1849082609
1848317767
1847875298
1847600184
1848171177
1839957409
1848396982
1847449987
1847528350
1848094481
1848600040
1849198962
1846820270
1848422755
1849122107
1829609733
1846415568
1845409392
1847300114
1846588794
1847725705
1845205401
1849041256
1846514073
1845652785
1845730619
1848737812
1848794290
1849134055
1846970997
1847823417
1847029425
1845978837
1847503387
1843480462
1848436408
1847901119
1845933540
1848899591
1839551591
1847695051
1846298026
1847821842
1846609555
1849015982
1846538413
1848306088
1843604981
1847099550
1847685514
1848865556
1847918603
1848408377
1847518427
1848694477
1847058568
1849115495
1845711286
1848862852
1848893889
1845845686
1848301570
1845920840
1845993518
1848094446
1841478747
1845797370
1845917333
1848679742
1848652088
1849123310
1848436850
1848007313
1847666720
1848857063
1847448156
1847148837
1845356010
1847015458
1847805226
1847794309
1847915775
1848908237
1848919183
1846326667
1846026091
1848347424
1848032886
1848000613
1845223487
1848150359
1847549916
1847421550
1847830708
1845054871
1845416787
1840739226
1847802161
1847445882
1847297322
1847035818
1847895746
1847141736
1848009710
1849084743
1845142781
1845612981
1848865314
1848850088
1848223667
1837076544
1848323510
1848592979
1846427684
1848149201
1849015895
1848188826
1848714498
1848228837
1846816912
1849122511
1847856741
1845469831
1843447664
1847396106
1846940325
1848651068
1848436656
1847685614
1847915932
1847944252
1847696834
1846435212
1847344061
1849107054
1751022641
1839178385
1849133603
1838998841
1847903095
1845341095
1849132154
1845823530
1846348977
1848177923
1847951530
1848447308
1847793016
1848819132
1845426849
1848623295
1845469692
1848559439
1849129074
1846916898
1846686602
1848833285
1847547092
1846542512
1801547187
1846222393
1849045659
1848068571
1845728165
1849124879
1845831477
1848989762
1848024520
1836837965
1848701295
1847944586
1845558095
1847142016
1848900433
1846146038
1846120901
1847710684
1846529860
1848999564
1845767376
1845759889
1848190100
1848912242
1847985966
1849247356
1847146706
1848917778
1840893711
1844268496
1849001417
1849009446
1847891640
1847691162
1846272168
1846805020
1848221333
1848872641
1849235729
1847753312
1842813624
1849111675
1845588068
1846480102
1846271539
1848193201
1848842774
1845861401
1846517210
1847764498
1848315445
1846125538
1816286273
1848325450
1848729657
1847989387
1847796288
1848541224
1846949347
1846851269
1847743348
1841054580
1848743349
1847627658
1845499198
1847583646
1846287680
1846967869
1849012492
1849120713
1846495494
1844691165
1846668178
1829578500
1846335214
1807871943
1849069469
1835552444
1848688894
1845037454
1848486359
1847971565
1837998179
1848919683
1847871892
1839794699
1848833340
1846356855
1847060644
1848395227
1848986555
1847916230
1848101369
1847722951
1848105268
1848549902
1848967030
1845307094
1846417483
1839647019
1845666366
